1.37308996582031250000000000000000e+03	3.70552291870117187500000000000000e+01	2
1.40926591796875000000000000000000e+04	1.18712509155273437500000000000000e+02	2
3.38044970703125000000000000000000e+03	5.81416358947753906250000000000000e+01	2
6.91165000000000000000000000000000e+04	2.62900177001953125000000000000000e+02	2
3.48433007812500000000000000000000e+03	5.90282135009765625000000000000000e+01	2
8.00372890625000000000000000000000e+04	2.82908630371093750000000000000000e+02	2
1.28144679687500000000000000000000e+05	3.57973022460937500000000000000000e+02	2
1.04879453125000000000000000000000e+05	3.23850982666015625000000000000000e+02	2
6.22308984375000000000000000000000e+03	7.88865661621093750000000000000000e+01	2
5.48112500000000000000000000000000e+04	2.34118026733398437500000000000000e+02	2
3.21733007812500000000000000000000e+03	5.67215118408203125000000000000000e+01	2
2.93981005859375000000000000000000e+03	5.42200164794921875000000000000000e+01	2
4.40234609375000000000000000000000e+04	2.09817687988281250000000000000000e+02	2
2.41777001953125000000000000000000e+03	4.91708259582519531250000000000000e+01	1
4.36642041015625000000000000000000e+03	6.60788955688476562500000000000000e+01	1
1.06948896484375000000000000000000e+04	1.03416099548339843750000000000000e+02	1
1.15404656250000000000000000000000e+05	3.39712615966796875000000000000000e+02	1
5.85960468750000000000000000000000e+04	2.42066207885742187500000000000000e+02	1
1.12919296875000000000000000000000e+05	3.36034667968750000000000000000000e+02	1
1.87873999023437500000000000000000e+03	4.33444328308105468750000000000000e+01	1
2.34257011718750000000000000000000e+04	1.53054565429687500000000000000000e+02	1
1.05369995117187500000000000000000e+02	1.02649888992309570312500000000000e+01	1
6.63786035156250000000000000000000e+03	8.14730682373046875000000000000000e+01	1
7.33927978515625000000000000000000e+03	8.56695938110351562500000000000000e+01	1
8.81331875000000000000000000000000e+04	2.96872344970703125000000000000000e+02	1
7.02760078125000000000000000000000e+04	2.65096221923828125000000000000000e+02	1
1.48610507812500000000000000000000e+04	1.21905906677246093750000000000000e+02	1
8.87596972656250000000000000000000e+03	9.42123641967773437500000000000000e+01	1
2.79460021972656250000000000000000e+02	1.67170581817626953125000000000000e+01	1
1.20054101562500000000000000000000e+04	1.09569206237792968750000000000000e+02	1
6.61954062500000000000000000000000e+04	2.57284667968750000000000000000000e+02	1
5.76679980468750000000000000000000e+03	7.59394454956054687500000000000000e+01	1
4.09795664062500000000000000000000e+04	2.02434097290039062500000000000000e+02	1
7.08001015625000000000000000000000e+04	2.66082885742187500000000000000000e+02	1
2.12104003906250000000000000000000e+03	4.60547523498535156250000000000000e+01	1
8.28679980468750000000000000000000e+03	9.10318603515625000000000000000000e+01	1
3.19332519531250000000000000000000e+04	1.78698776245117187500000000000000e+02	1
1.03215400390625000000000000000000e+04	1.01594978332519531250000000000000e+02	1
7.89025000000000000000000000000000e+04	2.80895874023437500000000000000000e+02	1
8.19290039062500000000000000000000e+02	2.86232433319091796875000000000000e+01	1
4.04265664062500000000000000000000e+04	2.01063583374023437500000000000000e+02	1
9.28671972656250000000000000000000e+03	9.63676300048828125000000000000000e+01	1
1.17417687500000000000000000000000e+05	3.42662658691406250000000000000000e+02	1
6.59426025390625000000000000000000e+03	8.12050476074218750000000000000000e+01	1
3.91206093750000000000000000000000e+04	1.97789306640625000000000000000000e+02	1
9.25019609375000000000000000000000e+04	3.04141357421875000000000000000000e+02	1
2.81234570312500000000000000000000e+04	1.67700500488281250000000000000000e+02	1
1.17635164062500000000000000000000e+05	3.42979827880859375000000000000000e+02	1
2.93505976562500000000000000000000e+04	1.71320159912109375000000000000000e+02	1
1.19420093750000000000000000000000e+05	3.45572113037109375000000000000000e+02	1
1.91529023437500000000000000000000e+04	1.38394012451171875000000000000000e+02	1
2.87069023437500000000000000000000e+04	1.69431106567382812500000000000000e+02	1
9.08525000000000000000000000000000e+04	3.01417480468750000000000000000000e+02	1
3.80739990234375000000000000000000e+03	6.17041320800781250000000000000000e+01	1
2.73786503906250000000000000000000e+04	1.65464950561523437500000000000000e+02	1
6.81592500000000000000000000000000e+04	2.61073272705078125000000000000000e+02	1
2.07830585937500000000000000000000e+04	1.44163299560546875000000000000000e+02	1
3.75278632812500000000000000000000e+04	1.93721099853515625000000000000000e+02	1
8.65296484375000000000000000000000e+04	2.94159210205078125000000000000000e+02	1
1.11263140625000000000000000000000e+05	3.33561309814453125000000000000000e+02	1
4.62137343750000000000000000000000e+04	2.14973800659179687500000000000000e+02	1
2.48640991210937500000000000000000e+03	4.98639144897460937500000000000000e+01	1
1.07465292968750000000000000000000e+04	1.03665466308593750000000000000000e+02	1
3.55316171875000000000000000000000e+04	1.88498321533203125000000000000000e+02	1
4.37139687500000000000000000000000e+04	2.09078857421875000000000000000000e+02	1
4.60824218750000000000000000000000e+04	2.14668167114257812500000000000000e+02	1
1.63498105468750000000000000000000e+04	1.27866378784179687500000000000000e+02	1
9.63268125000000000000000000000000e+04	3.10365600585937500000000000000000e+02	1
8.33039978027343750000000000000000e+02	2.88624324798583984375000000000000e+01	1
3.32013164062500000000000000000000e+04	1.82212280273437500000000000000000e+02	1
1.23968523437500000000000000000000e+05	3.52091644287109375000000000000000e+02	1
5.36616015625000000000000000000000e+03	7.32540817260742187500000000000000e+01	1
1.33992500000000000000000000000000e+04	1.15755126953125000000000000000000e+02	1
6.96625000000000000000000000000000e+04	2.63936553955078125000000000000000e+02	1
2.96971308593750000000000000000000e+04	1.72328552246093750000000000000000e+02	1
4.72210058593750000000000000000000e+03	6.87175445556640625000000000000000e+01	1
6.07132109375000000000000000000000e+04	2.46400512695312500000000000000000e+02	1
3.29316992187500000000000000000000e+03	5.73861465454101562500000000000000e+01	1
3.74833007812500000000000000000000e+03	6.12236061096191406250000000000000e+01	1
2.97245000000000000000000000000000e+04	1.72407943725585937500000000000000e+02	1
2.65276977539062500000000000000000e+03	5.15050468444824218750000000000000e+01	1
8.16266875000000000000000000000000e+04	2.85703857421875000000000000000000e+02	1
4.21050390625000000000000000000000e+04	2.05195129394531250000000000000000e+02	1
5.85372539062500000000000000000000e+04	2.41944732666015625000000000000000e+02	1
1.11774492187500000000000000000000e+04	1.05723457336425781250000000000000e+02	1
3.37921997070312500000000000000000e+03	5.81310577392578125000000000000000e+01	1
3.22215390625000000000000000000000e+04	1.79503585815429687500000000000000e+02	1
5.71963281250000000000000000000000e+04	2.39157531738281250000000000000000e+02	1
2.56250000000000000000000000000000e+02	1.60078105926513671875000000000000e+01	1
4.63437011718750000000000000000000e+03	6.80762100219726562500000000000000e+01	1
2.27820488281250000000000000000000e+04	1.50937240600585937500000000000000e+02	1
1.01696406250000000000000000000000e+05	3.18898742675781250000000000000000e+02	1
3.88352890625000000000000000000000e+04	1.97066711425781250000000000000000e+02	1
1.27378812500000000000000000000000e+05	3.56901672363281250000000000000000e+02	1
7.50090625000000000000000000000000e+04	2.73877838134765625000000000000000e+02	1
1.41232402343750000000000000000000e+04	1.18841239929199218750000000000000e+02	1
1.14234539062500000000000000000000e+05	3.37985992431640625000000000000000e+02	1
9.98730041503906250000000000000000e+02	3.16026897430419921875000000000000e+01	1
6.18741015625000000000000000000000e+03	7.86600952148437500000000000000000e+01	1
3.38565195312500000000000000000000e+04	1.84001419067382812500000000000000e+02	1
4.70350390625000000000000000000000e+04	2.16875625610351562500000000000000e+02	1
1.14957656250000000000000000000000e+05	3.39054046630859375000000000000000e+02	1
1.11248734375000000000000000000000e+05	3.33539703369140625000000000000000e+02	1
3.67225000000000000000000000000000e+03	6.05990905761718750000000000000000e+01	1
2.76242016601562500000000000000000e+03	5.25587310791015625000000000000000e+01	1
2.72283710937500000000000000000000e+04	1.65010208129882812500000000000000e+02	1
5.77600000000000000000000000000000e+03	7.60000000000000000000000000000000e+01	1
2.17045800781250000000000000000000e+04	1.47324737548828125000000000000000e+02	1
8.35708125000000000000000000000000e+04	2.89086181640625000000000000000000e+02	1
2.86645312500000000000000000000000e+04	1.69306030273437500000000000000000e+02	1
6.54109687500000000000000000000000e+04	2.55755676269531250000000000000000e+02	1
2.72113989257812500000000000000000e+03	5.21645469665527343750000000000000e+01	1
5.08467968750000000000000000000000e+03	7.13069381713867187500000000000000e+01	1
1.23953859375000000000000000000000e+05	3.52070800781250000000000000000000e+02	1
1.66054101562500000000000000000000e+04	1.28861984252929687500000000000000e+02	1
4.60958476562500000000000000000000e+04	2.14699432373046875000000000000000e+02	1
1.50062900390625000000000000000000e+04	1.22500160217285156250000000000000e+02	1
6.51975976562500000000000000000000e+03	8.07450256347656250000000000000000e+01	1
8.08751640625000000000000000000000e+04	2.84385589599609375000000000000000e+02	1
1.84274902343750000000000000000000e+04	1.35747894287109375000000000000000e+02	1
2.47729003906250000000000000000000e+04	1.57394088745117187500000000000000e+02	1
4.69512500000000000000000000000000e+04	2.16682373046875000000000000000000e+02	1
8.52338046875000000000000000000000e+04	2.91948303222656250000000000000000e+02	1
1.26836101562500000000000000000000e+05	3.56140563964843750000000000000000e+02	1
8.13850000000000000000000000000000e+03	9.02136383056640625000000000000000e+01	1
1.15817054687500000000000000000000e+05	3.40319061279296875000000000000000e+02	1
1.52135996093750000000000000000000e+04	1.23343421936035156250000000000000e+02	1
6.11283593750000000000000000000000e+04	2.47241500854492187500000000000000e+02	1
1.14385009765625000000000000000000e+03	3.38208541870117187500000000000000e+01	1
2.13657983398437500000000000000000e+03	4.62231521606445312500000000000000e+01	1
5.31098046875000000000000000000000e+03	7.28764724731445312500000000000000e+01	1
1.69170507812500000000000000000000e+04	1.30065567016601562500000000000000e+02	1
7.84106406250000000000000000000000e+04	2.80019012451171875000000000000000e+02	1
6.06179296875000000000000000000000e+04	2.46207092285156250000000000000000e+02	1
4.16597021484375000000000000000000e+03	6.45443267822265625000000000000000e+01	1
1.26005171875000000000000000000000e+05	3.54972076416015625000000000000000e+02	1
3.88721796875000000000000000000000e+04	1.97160293579101562500000000000000e+02	1
2.50836987304687500000000000000000e+03	5.00836296081542968750000000000000e+01	1
1.91839394531250000000000000000000e+04	1.38506103515625000000000000000000e+02	1
3.54064023437500000000000000000000e+04	1.88165893554687500000000000000000e+02	1
1.42926503906250000000000000000000e+04	1.19551872253417968750000000000000e+02	1
1.02748999023437500000000000000000e+03	3.20544853210449218750000000000000e+01	1
2.75015214843750000000000000000000e+04	1.65835830688476562500000000000000e+02	1
1.67482890625000000000000000000000e+04	1.29415176391601562500000000000000e+02	1
5.17538867187500000000000000000000e+04	2.27494812011718750000000000000000e+02	1
7.37185000000000000000000000000000e+04	2.71511505126953125000000000000000e+02	1
5.96872890625000000000000000000000e+04	2.44309814453125000000000000000000e+02	1
4.60685585937500000000000000000000e+04	2.14635879516601562500000000000000e+02	1
1.10997250000000000000000000000000e+05	3.33162506103515625000000000000000e+02	1
4.02586015625000000000000000000000e+04	2.00645462036132812500000000000000e+02	1
7.33560390625000000000000000000000e+04	2.70843200683593750000000000000000e+02	1
5.19096972656250000000000000000000e+03	7.20483856201171875000000000000000e+01	1
9.38344921875000000000000000000000e+03	9.68682022094726562500000000000000e+01	1
4.17396972656250000000000000000000e+03	6.46062698364257812500000000000000e+01	1
5.40553671875000000000000000000000e+04	2.32498107910156250000000000000000e+02	1
9.30805078125000000000000000000000e+04	3.05090972900390625000000000000000e+02	1
1.90488515625000000000000000000000e+04	1.38017578125000000000000000000000e+02	1
7.68000546875000000000000000000000e+04	2.77128234863281250000000000000000e+02	1
2.97814531250000000000000000000000e+04	1.72573043823242187500000000000000e+02	1
2.18412480468750000000000000000000e+04	1.47787841796875000000000000000000e+02	1
1.50478398437500000000000000000000e+04	1.22669639587402343750000000000000e+02	1
3.62766484375000000000000000000000e+04	1.90464294433593750000000000000000e+02	1
3.47720019531250000000000000000000e+03	5.89677886962890625000000000000000e+01	1
2.94173789062500000000000000000000e+04	1.71514953613281250000000000000000e+02	1
1.76885021972656250000000000000000e+03	4.20577011108398437500000000000000e+01	1
4.34674023437500000000000000000000e+04	2.08488372802734375000000000000000e+02	1
2.13586010742187500000000000000000e+03	4.62153663635253906250000000000000e+01	1
5.46879980468750000000000000000000e+03	7.39513320922851562500000000000000e+01	1
1.00155687500000000000000000000000e+05	3.16473846435546875000000000000000e+02	1
5.85045156250000000000000000000000e+04	2.41877059936523437500000000000000e+02	1
7.16625000000000000000000000000000e+03	8.46537094116210937500000000000000e+01	1
9.69018437500000000000000000000000e+04	3.11290618896484375000000000000000e+02	1
2.05044804687500000000000000000000e+04	1.43193862915039062500000000000000e+02	1
8.92838671875000000000000000000000e+04	2.98804046630859375000000000000000e+02	1
9.12701093750000000000000000000000e+04	3.02109436035156250000000000000000e+02	1
5.81920996093750000000000000000000e+03	7.62837448120117187500000000000000e+01	1
6.38445664062500000000000000000000e+04	2.52674819946289062500000000000000e+02	1
6.45412988281250000000000000000000e+03	8.03376007080078125000000000000000e+01	1
4.62022617187500000000000000000000e+04	2.14947113037109375000000000000000e+02	1
1.29541708984375000000000000000000e+04	1.13816390991210937500000000000000e+02	1
3.71496093750000000000000000000000e+04	1.92742340087890625000000000000000e+02	1
5.18379335937500000000000000000000e+04	2.27679458618164062500000000000000e+02	1
7.61452890625000000000000000000000e+04	2.75944366455078125000000000000000e+02	1
3.37987734375000000000000000000000e+04	1.83844421386718750000000000000000e+02	1
3.92659985351562500000000000000000e+03	6.26625862121582031250000000000000e+01	1
7.99658593750000000000000000000000e+04	2.82782348632812500000000000000000e+02	1
6.63714062500000000000000000000000e+03	8.14686508178710937500000000000000e+01	1
3.34872226562500000000000000000000e+04	1.82995147705078125000000000000000e+02	1
9.46574531250000000000000000000000e+04	3.07664520263671875000000000000000e+02	1
9.25806406250000000000000000000000e+04	3.04270660400390625000000000000000e+02	1
1.15458914062500000000000000000000e+05	3.39792449951171875000000000000000e+02	1
5.90931953125000000000000000000000e+04	2.43090927124023437500000000000000e+02	1
6.93152187500000000000000000000000e+04	2.63277832031250000000000000000000e+02	1
1.23956257812500000000000000000000e+05	3.52074218750000000000000000000000e+02	1
2.46194023437500000000000000000000e+04	1.56905715942382812500000000000000e+02	1
1.04643193359375000000000000000000e+04	1.02295257568359375000000000000000e+02	1
1.73813007812500000000000000000000e+04	1.31838165283203125000000000000000e+02	1
8.35730937500000000000000000000000e+04	2.89090118408203125000000000000000e+02	1
2.53056484375000000000000000000000e+04	1.59077499389648437500000000000000e+02	1
1.01699656250000000000000000000000e+05	3.18903839111328125000000000000000e+02	1
4.49530029296875000000000000000000e+03	6.70469970703125000000000000000000e+01	1
2.23376191406250000000000000000000e+04	1.49457748413085937500000000000000e+02	1
4.37087304687500000000000000000000e+04	2.09066329956054687500000000000000e+02	1
1.23608203125000000000000000000000e+04	1.11179229736328125000000000000000e+02	1
4.06002500000000000000000000000000e+04	2.01495040893554687500000000000000e+02	1
1.00122656250000000000000000000000e+05	3.16421630859375000000000000000000e+02	1
8.57849062500000000000000000000000e+04	2.92890594482421875000000000000000e+02	1
1.66848999023437500000000000000000e+03	4.08471527099609375000000000000000e+01	1
1.18945789062500000000000000000000e+05	3.44885192871093750000000000000000e+02	1
1.37494599609375000000000000000000e+04	1.17258094787597656250000000000000e+02	1
4.02270078125000000000000000000000e+04	2.00566711425781250000000000000000e+02	1
5.83861035156250000000000000000000e+03	7.64107971191406250000000000000000e+01	1
6.52916250000000000000000000000000e+04	2.55522262573242187500000000000000e+02	1
4.30205312500000000000000000000000e+04	2.07413909912109375000000000000000e+02	1
1.22097890625000000000000000000000e+05	3.49425079345703125000000000000000e+02	1
1.85697998046875000000000000000000e+03	4.30926895141601562500000000000000e+01	1
4.95866601562500000000000000000000e+04	2.22680618286132812500000000000000e+02	1
3.31353828125000000000000000000000e+04	1.82031265258789062500000000000000e+02	1
7.48759609375000000000000000000000e+04	2.73634735107421875000000000000000e+02	1
1.11339773437500000000000000000000e+05	3.33676147460937500000000000000000e+02	1
1.33273994140625000000000000000000e+04	1.15444358825683593750000000000000e+02	1
1.00112421875000000000000000000000e+05	3.16405456542968750000000000000000e+02	1
2.32010009765625000000000000000000e+02	1.52318744659423828125000000000000e+01	1
2.61952109375000000000000000000000e+04	1.61849349975585937500000000000000e+02	1
3.02749179687500000000000000000000e+04	1.73996887207031250000000000000000e+02	1
4.82500000000000000000000000000000e+03	6.94622192382812500000000000000000e+01	1
2.13038906250000000000000000000000e+04	1.45958526611328125000000000000000e+02	1
2.80316210937500000000000000000000e+04	1.67426467895507812500000000000000e+02	1
8.52108984375000000000000000000000e+03	9.23097457885742187500000000000000e+01	1
1.37291396484375000000000000000000e+04	1.17171409606933593750000000000000e+02	1
1.05129765625000000000000000000000e+05	3.24237213134765625000000000000000e+02	1
2.65427285156250000000000000000000e+04	1.62919387817382812500000000000000e+02	1
8.44610000000000000000000000000000e+04	2.90621734619140625000000000000000e+02	1
6.43978007812500000000000000000000e+04	2.53767211914062500000000000000000e+02	1
3.35764882812500000000000000000000e+04	1.83238876342773437500000000000000e+02	1
1.70708515625000000000000000000000e+04	1.30655471801757812500000000000000e+02	1
3.48592109375000000000000000000000e+04	1.86706222534179687500000000000000e+02	1
5.98418017578125000000000000000000e+03	7.73574829101562500000000000000000e+01	1
5.04708085937500000000000000000000e+04	2.24657089233398437500000000000000e+02	1
7.59013085937500000000000000000000e+03	8.71213607788085937500000000000000e+01	1
1.09665164062500000000000000000000e+05	3.31157318115234375000000000000000e+02	1
6.47425976562500000000000000000000e+04	2.54445663452148437500000000000000e+02	1
3.99342460937500000000000000000000e+04	1.99835540771484375000000000000000e+02	1
1.31420205078125000000000000000000e+04	1.14638648986816406250000000000000e+02	1
7.37400976562500000000000000000000e+03	8.58720550537109375000000000000000e+01	1
1.24463691406250000000000000000000e+04	1.11563293457031250000000000000000e+02	1
1.53488012695312500000000000000000e+03	3.91775474548339843750000000000000e+01	1
7.01587343750000000000000000000000e+04	2.64874938964843750000000000000000e+02	1
1.28043867187500000000000000000000e+05	3.57832183837890625000000000000000e+02	1
1.81989001464843750000000000000000e+03	4.26601676940917968750000000000000e+01	1
3.20906005859375000000000000000000e+03	5.66485671997070312500000000000000e+01	1
3.16610605468750000000000000000000e+04	1.77935546875000000000000000000000e+02	1
2.78355981445312500000000000000000e+03	5.27594528198242187500000000000000e+01	1
4.36516015625000000000000000000000e+03	6.60693588256835937500000000000000e+01	1
2.67458496093750000000000000000000e+04	1.63541580200195312500000000000000e+02	1
7.93168984375000000000000000000000e+04	2.81632568359375000000000000000000e+02	1
4.67007265625000000000000000000000e+04	2.16103515625000000000000000000000e+02	1
1.16234902343750000000000000000000e+04	1.07812294006347656250000000000000e+02	1
1.78884008789062500000000000000000e+03	4.22946815490722656250000000000000e+01	1
1.23775960937500000000000000000000e+05	3.51818084716796875000000000000000e+02	1
7.75628906250000000000000000000000e+04	2.78501159667968750000000000000000e+02	1
9.11756875000000000000000000000000e+04	3.01953125000000000000000000000000e+02	1
1.82920996093750000000000000000000e+03	4.27692642211914062500000000000000e+01	1
3.56749257812500000000000000000000e+04	1.88878067016601562500000000000000e+02	1
1.05429648437500000000000000000000e+05	3.24699310302734375000000000000000e+02	1
8.18292734375000000000000000000000e+04	2.86058166503906250000000000000000e+02	1
8.36141250000000000000000000000000e+04	2.89161071777343750000000000000000e+02	1
1.03763210937500000000000000000000e+05	3.22122985839843750000000000000000e+02	1
1.12799304687500000000000000000000e+05	3.35856079101562500000000000000000e+02	1
5.09825000000000000000000000000000e+03	7.14020309448242187500000000000000e+01	1
1.27545484375000000000000000000000e+05	3.57135101318359375000000000000000e+02	1
8.55927656250000000000000000000000e+04	2.92562408447265625000000000000000e+02	1
9.64469218750000000000000000000000e+04	3.10559051513671875000000000000000e+02	1
3.54840991210937500000000000000000e+03	5.95685310363769531250000000000000e+01	1
2.19532890625000000000000000000000e+04	1.48166427612304687500000000000000e+02	1
1.04211250000000000000000000000000e+05	3.22817687988281250000000000000000e+02	1
5.95836875000000000000000000000000e+04	2.44097702026367187500000000000000e+02	1
6.55150546875000000000000000000000e+04	2.55959091186523437500000000000000e+02	1
8.25920043945312500000000000000000e+02	2.87388248443603515625000000000000e+01	1
2.83856005859375000000000000000000e+03	5.32781372070312500000000000000000e+01	1
1.98234394531250000000000000000000e+04	1.40795730590820312500000000000000e+02	1
8.71184082031250000000000000000000e+03	9.33372421264648437500000000000000e+01	1
1.53723701171875000000000000000000e+04	1.23985359191894531250000000000000e+02	1
4.20865039062500000000000000000000e+03	6.48741149902343750000000000000000e+01	1
2.11835683593750000000000000000000e+04	1.45545761108398437500000000000000e+02	1
5.42004531250000000000000000000000e+04	2.32809906005859375000000000000000e+02	1
5.14563964843750000000000000000000e+03	7.17331161499023437500000000000000e+01	1
3.18457792968750000000000000000000e+04	1.78453857421875000000000000000000e+02	1
9.13666015625000000000000000000000e+03	9.55858764648437500000000000000000e+01	1
6.99402421875000000000000000000000e+04	2.64462188720703125000000000000000e+02	1
1.72932500000000000000000000000000e+04	1.31503799438476562500000000000000e+02	1
1.26631203125000000000000000000000e+05	3.55852783203125000000000000000000e+02	1
4.34176992187500000000000000000000e+04	2.08369140625000000000000000000000e+02	1
9.90638515625000000000000000000000e+04	3.14744110107421875000000000000000e+02	1
1.02820007324218750000000000000000e+03	3.20655593872070312500000000000000e+01	1
7.91512968750000000000000000000000e+04	2.81338409423828125000000000000000e+02	1
2.60726523437500000000000000000000e+04	1.61470275878906250000000000000000e+02	1
2.44062890625000000000000000000000e+04	1.56225128173828125000000000000000e+02	1
7.98111953125000000000000000000000e+04	2.82508758544921875000000000000000e+02	1
1.10682054687500000000000000000000e+05	3.32689117431640625000000000000000e+02	1
5.25977304687500000000000000000000e+04	2.29341949462890625000000000000000e+02	1
1.97870898437500000000000000000000e+04	1.40666595458984375000000000000000e+02	1
2.61197011718750000000000000000000e+04	1.61615905761718750000000000000000e+02	1
1.18498496093750000000000000000000e+04	1.08857017517089843750000000000000e+02	1
4.93137011718750000000000000000000e+03	7.02237167358398437500000000000000e+01	1
2.69703222656250000000000000000000e+04	1.64226440429687500000000000000000e+02	1
2.07075722656250000000000000000000e+04	1.43901260375976562500000000000000e+02	1
1.08504511718750000000000000000000e+04	1.04165496826171875000000000000000e+02	1
2.14176503906250000000000000000000e+04	1.46347702026367187500000000000000e+02	1
6.05201025390625000000000000000000e+03	7.77946701049804687500000000000000e+01	1
9.13694453125000000000000000000000e+04	3.02273803710937500000000000000000e+02	1
1.71624511718750000000000000000000e+04	1.31005538940429687500000000000000e+02	1
1.50024101562500000000000000000000e+04	1.22484329223632812500000000000000e+02	1
1.21477343750000000000000000000000e+05	3.48536010742187500000000000000000e+02	1
3.93902500000000000000000000000000e+04	1.98469772338867187500000000000000e+02	1
3.02789013671875000000000000000000e+03	5.50262680053710937500000000000000e+01	1
3.57262070312500000000000000000000e+04	1.89013778686523437500000000000000e+02	1
8.46134531250000000000000000000000e+04	2.90883911132812500000000000000000e+02	1
6.84328437500000000000000000000000e+04	2.61596710205078125000000000000000e+02	1
1.61716005859375000000000000000000e+04	1.27167610168457031250000000000000e+02	1
2.89830117187500000000000000000000e+04	1.70243972778320312500000000000000e+02	1
3.10282890625000000000000000000000e+04	1.76148483276367187500000000000000e+02	1
9.50725000000000000000000000000000e+04	3.08338287353515625000000000000000e+02	1
4.05565000000000000000000000000000e+04	2.01386444091796875000000000000000e+02	1
7.49491640625000000000000000000000e+04	2.73768463134765625000000000000000e+02	1
1.74290507812500000000000000000000e+04	1.32019134521484375000000000000000e+02	1
7.31656005859375000000000000000000e+03	8.55368957519531250000000000000000e+01	1
3.15345996093750000000000000000000e+03	5.61556777954101562500000000000000e+01	1
5.01732500000000000000000000000000e+04	2.23993865966796875000000000000000e+02	1
9.48740039062500000000000000000000e+03	9.74032897949218750000000000000000e+01	1
1.21121804687500000000000000000000e+05	3.48025573730468750000000000000000e+02	1
5.92548085937500000000000000000000e+04	2.43423110961914062500000000000000e+02	1
1.84909003906250000000000000000000e+04	1.35981246948242187500000000000000e+02	1
2.88606796875000000000000000000000e+04	1.69884307861328125000000000000000e+02	1
6.45095703125000000000000000000000e+04	2.53987335205078125000000000000000e+02	1
8.67279882812500000000000000000000e+03	9.31278610229492187500000000000000e+01	1
7.84429609375000000000000000000000e+04	2.80076690673828125000000000000000e+02	1
9.85078906250000000000000000000000e+04	3.13859680175781250000000000000000e+02	1
4.32080507812500000000000000000000e+04	2.07865463256835937500000000000000e+02	1
2.51532500000000000000000000000000e+04	1.58597763061523437500000000000000e+02	1
2.85660976562500000000000000000000e+04	1.69015075683593750000000000000000e+02	1
2.37344902343750000000000000000000e+04	1.54060028076171875000000000000000e+02	1
1.27610406250000000000000000000000e+05	3.57225982666015625000000000000000e+02	1
6.10637617187500000000000000000000e+04	2.47110824584960937500000000000000e+02	1
7.70710078125000000000000000000000e+04	2.77616668701171875000000000000000e+02	1
1.17045218750000000000000000000000e+05	3.42118713378906250000000000000000e+02	1
6.35545996093750000000000000000000e+03	7.97211380004882812500000000000000e+01	1
2.20270917968750000000000000000000e+04	1.48415267944335937500000000000000e+02	1
4.09221020507812500000000000000000e+03	6.39703865051269531250000000000000e+01	1
6.72970019531250000000000000000000e+03	8.20347518920898437500000000000000e+01	1
8.57200976562500000000000000000000e+03	9.25851516723632812500000000000000e+01	1
6.90010009765625000000000000000000e+02	2.62680416107177734375000000000000e+01	1
1.22588765625000000000000000000000e+05	3.50126770019531250000000000000000e+02	1
4.52720234375000000000000000000000e+04	2.12772232055664062500000000000000e+02	1
1.65486406250000000000000000000000e+04	1.28641525268554687500000000000000e+02	1
1.24224054687500000000000000000000e+05	3.52454315185546875000000000000000e+02	1
2.96004179687500000000000000000000e+04	1.72047714233398437500000000000000e+02	1
3.04901015625000000000000000000000e+04	1.74614151000976562500000000000000e+02	1
1.90703300781250000000000000000000e+04	1.38095367431640625000000000000000e+02	1
1.08183148437500000000000000000000e+05	3.28912078857421875000000000000000e+02	1
4.24933671875000000000000000000000e+04	2.06139190673828125000000000000000e+02	1
4.35804101562500000000000000000000e+04	2.08759216308593750000000000000000e+02	1
1.14912437500000000000000000000000e+05	3.38987365722656250000000000000000e+02	1
2.61710800781250000000000000000000e+04	1.61774780273437500000000000000000e+02	1
2.74829003906250000000000000000000e+03	5.24241371154785156250000000000000e+01	1
6.51003398437500000000000000000000e+04	2.55147689819335937500000000000000e+02	1
9.90088281250000000000000000000000e+04	3.14656677246093750000000000000000e+02	1
6.85088125000000000000000000000000e+04	2.61741882324218750000000000000000e+02	1
9.24527343750000000000000000000000e+04	3.04060424804687500000000000000000e+02	1
1.30111890625000000000000000000000e+05	3.60710266113281250000000000000000e+02	1
1.28551406250000000000000000000000e+04	1.13380516052246093750000000000000e+02	1
1.87303398437500000000000000000000e+04	1.36858825683593750000000000000000e+02	1
1.00248773437500000000000000000000e+05	3.16620880126953125000000000000000e+02	1
1.16236796875000000000000000000000e+04	1.07813171386718750000000000000000e+02	1
8.79993750000000000000000000000000e+04	2.96646881103515625000000000000000e+02	1
8.23727734375000000000000000000000e+04	2.87006561279296875000000000000000e+02	1
1.17213193359375000000000000000000e+04	1.08265045166015625000000000000000e+02	1
1.23072812500000000000000000000000e+04	1.10938186645507812500000000000000e+02	1
5.46988476562500000000000000000000e+04	2.33877853393554687500000000000000e+02	1
2.56260527343750000000000000000000e+04	1.60081390380859375000000000000000e+02	1
3.41735156250000000000000000000000e+04	1.84860794067382812500000000000000e+02	1
2.45314882812500000000000000000000e+04	1.56625305175781250000000000000000e+02	1
8.95849687500000000000000000000000e+04	2.99307495117187500000000000000000e+02	1
4.26836035156250000000000000000000e+03	6.53326873779296875000000000000000e+01	1
1.53317695312500000000000000000000e+04	1.23821525573730468750000000000000e+02	1
5.86910507812500000000000000000000e+04	2.42262359619140625000000000000000e+02	1
5.16052050781250000000000000000000e+03	7.18367614746093750000000000000000e+01	1
1.22666320312500000000000000000000e+05	3.50237518310546875000000000000000e+02	1
5.46388906250000000000000000000000e+04	2.33749633789062500000000000000000e+02	1
5.32170390625000000000000000000000e+04	2.30688186645507812500000000000000e+02	1
1.61299987792968750000000000000000e+02	1.27003936767578125000000000000000e+01	1
2.28050000000000000000000000000000e+03	4.77545814514160156250000000000000e+01	1
4.46225000000000000000000000000000e+03	6.68000717163085937500000000000000e+01	1
8.37390468750000000000000000000000e+04	2.89376983642578125000000000000000e+02	1
7.55364941406250000000000000000000e+03	8.69117355346679687500000000000000e+01	1
1.14269599609375000000000000000000e+04	1.06896957397460937500000000000000e+02	1
2.33325000000000000000000000000000e+03	4.83037261962890625000000000000000e+01	1
7.08313359375000000000000000000000e+04	2.66141571044921875000000000000000e+02	1
6.05273007812500000000000000000000e+04	2.46022964477539062500000000000000e+02	1
6.08970117187500000000000000000000e+04	2.46773193359375000000000000000000e+02	1
5.43845019531250000000000000000000e+03	7.37458496093750000000000000000000e+01	1
4.25090898437500000000000000000000e+04	2.06177322387695312500000000000000e+02	1
4.38629003906250000000000000000000e+03	6.62290725708007812500000000000000e+01	1
1.38446494140625000000000000000000e+04	1.17663291931152343750000000000000e+02	1
9.59580546875000000000000000000000e+04	3.09770965576171875000000000000000e+02	1
4.22390820312500000000000000000000e+04	2.05521484375000000000000000000000e+02	1
6.20113037109375000000000000000000e+03	7.87472534179687500000000000000000e+01	1
5.48369042968750000000000000000000e+03	7.40519409179687500000000000000000e+01	1
1.22312445312500000000000000000000e+05	3.49731964111328125000000000000000e+02	1
1.13348648437500000000000000000000e+05	3.36672912597656250000000000000000e+02	1
9.04448046875000000000000000000000e+04	3.00740417480468750000000000000000e+02	1
3.66428906250000000000000000000000e+04	1.91423324584960937500000000000000e+02	1
6.06414140625000000000000000000000e+04	2.46254776000976562500000000000000e+02	1
7.18787578125000000000000000000000e+04	2.68102142333984375000000000000000e+02	1
4.11859960937500000000000000000000e+03	6.41763153076171875000000000000000e+01	1
8.58058906250000000000000000000000e+04	2.92926422119140625000000000000000e+02	1
8.11094609375000000000000000000000e+04	2.84797241210937500000000000000000e+02	1
3.75273999023437500000000000000000e+03	6.12596130371093750000000000000000e+01	1
2.98551210937500000000000000000000e+04	1.72786346435546875000000000000000e+02	1
8.60244453125000000000000000000000e+04	2.93299255371093750000000000000000e+02	1
8.29665781250000000000000000000000e+04	2.88039184570312500000000000000000e+02	1
3.18590507812500000000000000000000e+04	1.78491043090820312500000000000000e+02	1
1.03952001953125000000000000000000e+03	3.22415885925292968750000000000000e+01	1
5.60083398437500000000000000000000e+04	2.36660812377929687500000000000000e+02	1
6.01060009765625000000000000000000e+03	7.75280609130859375000000000000000e+01	1
1.22160960937500000000000000000000e+05	3.49515319824218750000000000000000e+02	1
6.73008750000000000000000000000000e+04	2.59424133300781250000000000000000e+02	1
2.82685009765625000000000000000000e+03	5.31681289672851562500000000000000e+01	1
7.89018125000000000000000000000000e+04	2.80894653320312500000000000000000e+02	1
9.25842109375000000000000000000000e+04	3.04276550292968750000000000000000e+02	1
1.15575312500000000000000000000000e+04	1.07505958557128906250000000000000e+02	1
1.55980097656250000000000000000000e+04	1.24891990661621093750000000000000e+02	1
4.17086796875000000000000000000000e+04	2.04227035522460937500000000000000e+02	1
8.02940468750000000000000000000000e+04	2.83362030029296875000000000000000e+02	1
1.00164250000000000000000000000000e+05	3.16487365722656250000000000000000e+02	1
2.41051406250000000000000000000000e+04	1.55258300781250000000000000000000e+02	1
8.27473046875000000000000000000000e+03	9.09655456542968750000000000000000e+01	1
6.03379931640625000000000000000000e+03	7.76775360107421875000000000000000e+01	1
3.88393994140625000000000000000000e+03	6.23212623596191406250000000000000e+01	1
1.00745800781250000000000000000000e+04	1.00372207641601562500000000000000e+02	1
9.48027265625000000000000000000000e+04	3.07900512695312500000000000000000e+02	1
3.98341015625000000000000000000000e+04	1.99584823608398437500000000000000e+02	1
9.62403437500000000000000000000000e+04	3.10226287841796875000000000000000e+02	1
2.44872402343750000000000000000000e+04	1.56483993530273437500000000000000e+02	1
7.66609985351562500000000000000000e+02	2.76877231597900390625000000000000e+01	1
7.23579375000000000000000000000000e+04	2.68994293212890625000000000000000e+02	1
1.33232500000000000000000000000000e+04	1.15426383972167968750000000000000e+02	1
2.08703300781250000000000000000000e+04	1.44465667724609375000000000000000e+02	1
9.77043593750000000000000000000000e+04	3.12576965332031250000000000000000e+02	1
4.46874531250000000000000000000000e+04	2.11394073486328125000000000000000e+02	1
1.04328105468750000000000000000000e+04	1.02141128540039062500000000000000e+02	1
3.10072460937500000000000000000000e+04	1.76088745117187500000000000000000e+02	1
1.00964539062500000000000000000000e+05	3.17749176025390625000000000000000e+02	1
2.38168984375000000000000000000000e+04	1.54327239990234375000000000000000e+02	1
2.12155605468750000000000000000000e+04	1.45655624389648437500000000000000e+02	1
1.95412890625000000000000000000000e+04	1.39790161132812500000000000000000e+02	1
4.22103164062500000000000000000000e+04	2.05451492309570312500000000000000e+02	1
1.08237617187500000000000000000000e+05	3.28994873046875000000000000000000e+02	1
3.51604980468750000000000000000000e+03	5.92962875366210937500000000000000e+01	1
2.67192480468750000000000000000000e+04	1.63460235595703125000000000000000e+02	1
2.03414882812500000000000000000000e+04	1.42623596191406250000000000000000e+02	1
1.89850000000000000000000000000000e+03	4.35717811584472656250000000000000e+01	1
9.89354003906250000000000000000000e+03	9.94662780761718750000000000000000e+01	1
4.17649023437500000000000000000000e+04	2.04364624023437500000000000000000e+02	1
2.44082006835937500000000000000000e+03	4.94046554565429687500000000000000e+01	1
1.75596503906250000000000000000000e+04	1.32512832641601562500000000000000e+02	1
8.99716015625000000000000000000000e+04	2.99952667236328125000000000000000e+02	1
3.93725312500000000000000000000000e+04	1.98425125122070312500000000000000e+02	1
6.09050000000000000000000000000000e+03	7.80416564941406250000000000000000e+01	1
5.68669296875000000000000000000000e+04	2.38467880249023437500000000000000e+02	1
1.00141695312500000000000000000000e+05	3.16451721191406250000000000000000e+02	1
4.00168125000000000000000000000000e+04	2.00042022705078125000000000000000e+02	1
3.57085009765625000000000000000000e+03	5.97565917968750000000000000000000e+01	1
4.44721289062500000000000000000000e+04	2.10884155273437500000000000000000e+02	1
2.32061010742187500000000000000000e+03	4.81727104187011718750000000000000e+01	1
2.75330605468750000000000000000000e+04	1.65930892944335937500000000000000e+02	1
4.20295312500000000000000000000000e+04	2.05011047363281250000000000000000e+02	1
1.31119968750000000000000000000000e+05	3.62104919433593750000000000000000e+02	1
1.08807117187500000000000000000000e+05	3.29859252929687500000000000000000e+02	1
1.65640390625000000000000000000000e+04	1.28701354980468750000000000000000e+02	1
2.48968994140625000000000000000000e+03	4.98967933654785156250000000000000e+01	1
1.15396103515625000000000000000000e+04	1.07422576904296875000000000000000e+02	1
3.58132983398437500000000000000000e+03	5.98442115783691406250000000000000e+01	1
2.17609023437500000000000000000000e+04	1.47515762329101562500000000000000e+02	1
5.02154453125000000000000000000000e+04	2.24088027954101562500000000000000e+02	1
7.05259375000000000000000000000000e+04	2.65567199707031250000000000000000e+02	1
2.65680004882812500000000000000000e+03	5.15441551208496093750000000000000e+01	1
2.20962089843750000000000000000000e+04	1.48647933959960937500000000000000e+02	1
9.22081093750000000000000000000000e+04	3.03657867431640625000000000000000e+02	1
4.67379980468750000000000000000000e+03	6.83651962280273437500000000000000e+01	1
1.59089814453125000000000000000000e+04	1.26130813598632812500000000000000e+02	1
1.20348734375000000000000000000000e+05	3.46913146972656250000000000000000e+02	1
1.18754500000000000000000000000000e+05	3.44607757568359375000000000000000e+02	1
3.22170390625000000000000000000000e+04	1.79491058349609375000000000000000e+02	1
1.25072984375000000000000000000000e+05	3.53656585693359375000000000000000e+02	1
4.68361015625000000000000000000000e+04	2.16416503906250000000000000000000e+02	1
8.67065781250000000000000000000000e+04	2.94459808349609375000000000000000e+02	1
3.12273027343750000000000000000000e+04	1.76712478637695312500000000000000e+02	1
2.49961308593750000000000000000000e+04	1.58101654052734375000000000000000e+02	1
8.72828281250000000000000000000000e+04	2.95436676025390625000000000000000e+02	1
5.33364804687500000000000000000000e+04	2.30946914672851562500000000000000e+02	1
1.12312367187500000000000000000000e+05	3.35130371093750000000000000000000e+02	1
4.05111210937500000000000000000000e+04	2.01273742675781250000000000000000e+02	1
5.50473945312500000000000000000000e+04	2.34621810913085937500000000000000e+02	1
2.30227285156250000000000000000000e+04	1.51732421875000000000000000000000e+02	1
5.68636992187500000000000000000000e+04	2.38461105346679687500000000000000e+02	1
8.08620546875000000000000000000000e+04	2.84362548828125000000000000000000e+02	1
4.40883984375000000000000000000000e+04	2.09972381591796875000000000000000e+02	1
1.64721992187500000000000000000000e+04	1.28344070434570312500000000000000e+02	1
1.25089210937500000000000000000000e+05	3.53679534912109375000000000000000e+02	1
1.27625810546875000000000000000000e+04	1.12971595764160156250000000000000e+02	1
2.97372519531250000000000000000000e+04	1.72444931030273437500000000000000e+02	1
6.96103984375000000000000000000000e+04	2.63837829589843750000000000000000e+02	1
1.95530390625000000000000000000000e+04	1.39832183837890625000000000000000e+02	1
1.21139453125000000000000000000000e+05	3.48050933837890625000000000000000e+02	1
1.30420007324218750000000000000000e+03	3.61137084960937500000000000000000e+01	1
7.25432500000000000000000000000000e+04	2.69338531494140625000000000000000e+02	1
1.33506005859375000000000000000000e+03	3.65384750366210937500000000000000e+01	1
1.72774882812500000000000000000000e+04	1.31443862915039062500000000000000e+02	1
1.05278984375000000000000000000000e+05	3.24467224121093750000000000000000e+02	1
7.41530029296875000000000000000000e+02	2.72310485839843750000000000000000e+01	1
9.10213281250000000000000000000000e+04	3.01697418212890625000000000000000e+02	1
7.27188203125000000000000000000000e+04	2.69664276123046875000000000000000e+02	1
9.36074609375000000000000000000000e+04	3.05953369140625000000000000000000e+02	1
1.14767294921875000000000000000000e+04	1.07129501342773437500000000000000e+02	1
8.68944765625000000000000000000000e+04	2.94778686523437500000000000000000e+02	1
7.81477001953125000000000000000000e+03	8.84011840820312500000000000000000e+01	1
3.34408007812500000000000000000000e+04	1.82868255615234375000000000000000e+02	1
1.29034101562500000000000000000000e+04	1.13593177795410156250000000000000e+02	1
4.79273789062500000000000000000000e+04	2.18923233032226562500000000000000e+02	1
6.53328027343750000000000000000000e+03	8.08287124633789062500000000000000e+01	1
3.32064965820312500000000000000000e+03	5.76250801086425781250000000000000e+01	1
3.03919394531250000000000000000000e+04	1.74332839965820312500000000000000e+02	1
1.18839218750000000000000000000000e+05	3.44730651855468750000000000000000e+02	1
4.86883984375000000000000000000000e+03	6.97770690917968750000000000000000e+01	1
9.90557265625000000000000000000000e+04	3.14731201171875000000000000000000e+02	1
5.29235976562500000000000000000000e+04	2.30051300048828125000000000000000e+02	1
1.35795400390625000000000000000000e+04	1.16531280517578125000000000000000e+02	1
2.90844472656250000000000000000000e+04	1.70541625976562500000000000000000e+02	1
3.49611718750000000000000000000000e+04	1.86979064941406250000000000000000e+02	1
2.74490585937500000000000000000000e+04	1.65677581787109375000000000000000e+02	1
7.01322109375000000000000000000000e+04	2.64824859619140625000000000000000e+02	1
3.39027382812500000000000000000000e+04	1.84126968383789062500000000000000e+02	1
6.50473750000000000000000000000000e+04	2.55043869018554687500000000000000e+02	1
1.99053007812500000000000000000000e+04	1.41086151123046875000000000000000e+02	1
6.05770585937500000000000000000000e+04	2.46124069213867187500000000000000e+02	1
9.60676953125000000000000000000000e+04	3.09947906494140625000000000000000e+02	1
1.96180000000000000000000000000000e+04	1.40064270019531250000000000000000e+02	1
1.46056982421875000000000000000000e+03	3.82174034118652343750000000000000e+01	1
4.09993671875000000000000000000000e+04	2.02483001708984375000000000000000e+02	1
2.39521020507812500000000000000000e+03	4.89408836364746093750000000000000e+01	1
5.79361679687500000000000000000000e+04	2.40699325561523437500000000000000e+02	1
4.11506054687500000000000000000000e+04	2.02856124877929687500000000000000e+02	1
2.08942109375000000000000000000000e+04	1.44548294067382812500000000000000e+02	1
9.57328027343750000000000000000000e+03	9.78431396484375000000000000000000e+01	1
7.58575625000000000000000000000000e+04	2.75422515869140625000000000000000e+02	1
6.69324218750000000000000000000000e+04	2.58713012695312500000000000000000e+02	1
4.70569648437500000000000000000000e+04	2.16926177978515625000000000000000e+02	1
1.19418351562500000000000000000000e+05	3.45569610595703125000000000000000e+02	1
5.69329980468750000000000000000000e+03	7.54539566040039062500000000000000e+01	1
1.01666503906250000000000000000000e+04	1.00829811096191406250000000000000e+02	1
5.27644921875000000000000000000000e+03	7.26391677856445312500000000000000e+01	1
1.93695996093750000000000000000000e+04	1.39174713134765625000000000000000e+02	1
9.10452929687500000000000000000000e+03	9.54176559448242187500000000000000e+01	1
8.57987890625000000000000000000000e+04	2.92914306640625000000000000000000e+02	1
1.10825640625000000000000000000000e+05	3.32904846191406250000000000000000e+02	1
1.59948105468750000000000000000000e+04	1.26470588684082031250000000000000e+02	1
7.30142890625000000000000000000000e+04	2.70211578369140625000000000000000e+02	1
4.33192539062500000000000000000000e+04	2.08132781982421875000000000000000e+02	1
1.03929039062500000000000000000000e+05	3.22380279541015625000000000000000e+02	1
9.78275234375000000000000000000000e+04	3.12773925781250000000000000000000e+02	1
5.28584531250000000000000000000000e+04	2.29909667968750000000000000000000e+02	1
8.76904921875000000000000000000000e+04	2.96125793457031250000000000000000e+02	1
2.93464990234375000000000000000000e+03	5.41724090576171875000000000000000e+01	1
1.04536904296875000000000000000000e+04	1.02243293762207031250000000000000e+02	1
5.19158789062500000000000000000000e+04	2.27850555419921875000000000000000e+02	1
6.22333007812500000000000000000000e+04	2.49466033935546875000000000000000e+02	1
1.79665000000000000000000000000000e+04	1.34039169311523437500000000000000e+02	1
1.66572480468750000000000000000000e+04	1.29062957763671875000000000000000e+02	1
2.02588984375000000000000000000000e+04	1.42333755493164062500000000000000e+02	1
4.30756005859375000000000000000000e+03	6.56320037841796875000000000000000e+01	1
5.68576953125000000000000000000000e+03	7.54040451049804687500000000000000e+01	1
3.01160009765625000000000000000000e+03	5.48780479431152343750000000000000e+01	1
3.77116953125000000000000000000000e+04	1.94194992065429687500000000000000e+02	1
1.29650595703125000000000000000000e+04	1.13864212036132812500000000000000e+02	1
5.44393994140625000000000000000000e+03	7.37830581665039062500000000000000e+01	1
1.26509765625000000000000000000000e+05	3.55682098388671875000000000000000e+02	1
9.45223125000000000000000000000000e+04	3.07444824218750000000000000000000e+02	1
1.41870791015625000000000000000000e+04	1.19109527587890625000000000000000e+02	1
8.05000976562500000000000000000000e+03	8.97218475341796875000000000000000e+01	1
3.64238515625000000000000000000000e+04	1.90850341796875000000000000000000e+02	1
3.04192016601562500000000000000000e+03	5.51536064147949218750000000000000e+01	1
1.79262109375000000000000000000000e+04	1.33888793945312500000000000000000e+02	1
7.37360078125000000000000000000000e+04	2.71543762207031250000000000000000e+02	1
1.48036992187500000000000000000000e+04	1.21670455932617187500000000000000e+02	1
6.64244062500000000000000000000000e+04	2.57729339599609375000000000000000e+02	1
1.95396997070312500000000000000000e+03	4.42037315368652343750000000000000e+01	1
2.66216191406250000000000000000000e+04	1.63161331176757812500000000000000e+02	1
5.93164990234375000000000000000000e+03	7.70172042846679687500000000000000e+01	1
7.05999908447265625000000000000000e+01	8.40237998962402343750000000000000e+00	1
9.06628828125000000000000000000000e+04	3.01102783203125000000000000000000e+02	1
8.00947578125000000000000000000000e+04	2.83010162353515625000000000000000e+02	1
6.38838398437500000000000000000000e+04	2.52752532958984375000000000000000e+02	1
5.48419982910156250000000000000000e+02	2.34183692932128906250000000000000e+01	1
2.82580976562500000000000000000000e+04	1.68101455688476562500000000000000e+02	1
5.12416406250000000000000000000000e+04	2.26366165161132812500000000000000e+02	1
1.27285632812500000000000000000000e+05	3.56771118164062500000000000000000e+02	1
1.02549968750000000000000000000000e+05	3.20234252929687500000000000000000e+02	1
8.79267968750000000000000000000000e+03	9.37692871093750000000000000000000e+01	1
3.35565014648437500000000000000000e+03	5.79279747009277343750000000000000e+01	1
8.41209765625000000000000000000000e+04	2.90036163330078125000000000000000e+02	1
6.74471171875000000000000000000000e+04	2.59705841064453125000000000000000e+02	1
1.12244500000000000000000000000000e+05	3.35029113769531250000000000000000e+02	1
1.95925000000000000000000000000000e+03	4.42634162902832031250000000000000e+01	1
2.48506015625000000000000000000000e+04	1.57640731811523437500000000000000e+02	1
1.81256523437500000000000000000000e+04	1.34631546020507812500000000000000e+02	1
6.45245781250000000000000000000000e+04	2.54016891479492187500000000000000e+02	1
6.99700012207031250000000000000000e+02	2.64518432617187500000000000000000e+01	1
9.26305703125000000000000000000000e+04	3.04352722167968750000000000000000e+02	1
7.42127265625000000000000000000000e+04	2.72420135498046875000000000000000e+02	1
1.90671992187500000000000000000000e+04	1.38084030151367187500000000000000e+02	1
7.45432958984375000000000000000000e+03	8.63384628295898437500000000000000e+01	1
1.87699987792968750000000000000000e+03	4.33243560791015625000000000000000e+01	1
1.05783078125000000000000000000000e+05	3.25243103027343750000000000000000e+02	1
1.57874003906250000000000000000000e+04	1.25647918701171875000000000000000e+02	1
6.07794101562500000000000000000000e+04	2.46534805297851562500000000000000e+02	1
9.86342734375000000000000000000000e+04	3.14060943603515625000000000000000e+02	1
1.10893929687500000000000000000000e+05	3.33007415771484375000000000000000e+02	1
4.02343320312500000000000000000000e+04	2.00584976196289062500000000000000e+02	1
6.51010009765625000000000000000000e+02	2.55148983001708984375000000000000e+01	1
6.89835312500000000000000000000000e+04	2.62647155761718750000000000000000e+02	1
1.25349242187500000000000000000000e+05	3.54046936035156250000000000000000e+02	1
1.69361992187500000000000000000000e+04	1.30139160156250000000000000000000e+02	1
1.04560242187500000000000000000000e+05	3.23357757568359375000000000000000e+02	1
1.25565810546875000000000000000000e+04	1.12056152343750000000000000000000e+02	1
3.22484902343750000000000000000000e+04	1.79578643798828125000000000000000e+02	1
7.37579531250000000000000000000000e+04	2.71584167480468750000000000000000e+02	1
5.39911367187500000000000000000000e+04	2.32359924316406250000000000000000e+02	1
2.25561679687500000000000000000000e+04	1.50187103271484375000000000000000e+02	1
1.04390406250000000000000000000000e+05	3.23095031738281250000000000000000e+02	1
8.63792890625000000000000000000000e+04	2.93903533935546875000000000000000e+02	1
6.88639990234375000000000000000000e+03	8.29843368530273437500000000000000e+01	1
2.81477812500000000000000000000000e+04	1.67773010253906250000000000000000e+02	1
6.11036523437500000000000000000000e+04	2.47191528320312500000000000000000e+02	1
3.50731289062500000000000000000000e+04	1.87278213500976562500000000000000e+02	1
5.39507578125000000000000000000000e+04	2.32273025512695312500000000000000e+02	1
1.93609023437500000000000000000000e+04	1.39143463134765625000000000000000e+02	1
1.13539812500000000000000000000000e+05	3.36956695556640625000000000000000e+02	1
5.46166093750000000000000000000000e+04	2.33701965332031250000000000000000e+02	1
1.22620996093750000000000000000000e+03	3.50172805786132812500000000000000e+01	1
6.97758437500000000000000000000000e+04	2.64151184082031250000000000000000e+02	1
1.49069306640625000000000000000000e+04	1.22093940734863281250000000000000e+02	1
1.19523398437500000000000000000000e+05	3.45721557617187500000000000000000e+02	1
6.11235976562500000000000000000000e+04	2.47231872558593750000000000000000e+02	1
4.43560009765625000000000000000000e+03	6.66003036499023437500000000000000e+01	1
1.66150800781250000000000000000000e+04	1.28899490356445312500000000000000e+02	1
3.15020507812500000000000000000000e+04	1.77488174438476562500000000000000e+02	1
4.09036987304687500000000000000000e+03	6.39560012817382812500000000000000e+01	1
1.50837705078125000000000000000000e+04	1.22816001892089843750000000000000e+02	1
2.49104003906250000000000000000000e+03	4.99103202819824218750000000000000e+01	1
1.17541773437500000000000000000000e+05	3.42843658447265625000000000000000e+02	1
8.81034453125000000000000000000000e+04	2.96822235107421875000000000000000e+02	1
5.00240000000000000000000000000000e+04	2.23660461425781250000000000000000e+02	1
4.94602382812500000000000000000000e+04	2.22396575927734375000000000000000e+02	1
2.05680097656250000000000000000000e+04	1.43415512084960937500000000000000e+02	1
3.35830117187500000000000000000000e+04	1.83256683349609375000000000000000e+02	1
3.01400996093750000000000000000000e+04	1.73609039306640625000000000000000e+02	1
7.35400937500000000000000000000000e+04	2.71182769775390625000000000000000e+02	1
6.88646875000000000000000000000000e+04	2.62420806884765625000000000000000e+02	1
5.84150781250000000000000000000000e+04	2.41692108154296875000000000000000e+02	1
5.43492968750000000000000000000000e+03	7.37219772338867187500000000000000e+01	1
1.28609003906250000000000000000000e+04	1.13405906677246093750000000000000e+02	1
1.15417812500000000000000000000000e+05	3.39731964111328125000000000000000e+02	1
2.87136972656250000000000000000000e+04	1.69451171875000000000000000000000e+02	1
3.11882006835937500000000000000000e+03	5.58463973999023437500000000000000e+01	1
4.50248906250000000000000000000000e+04	2.12190689086914062500000000000000e+02	1
4.95491250000000000000000000000000e+04	2.22596328735351562500000000000000e+02	1
1.07580820312500000000000000000000e+05	3.27995147705078125000000000000000e+02	1
1.14641687500000000000000000000000e+05	3.38587799072265625000000000000000e+02	1
3.73796992187500000000000000000000e+04	1.93338302612304687500000000000000e+02	1
1.19085210937500000000000000000000e+05	3.45087249755859375000000000000000e+02	1
1.02036164062500000000000000000000e+05	3.19430999755859375000000000000000e+02	1
7.30165039062500000000000000000000e+03	8.54496917724609375000000000000000e+01	1
4.56096972656250000000000000000000e+03	6.75349502563476562500000000000000e+01	1
2.58463964843750000000000000000000e+04	1.60768142700195312500000000000000e+02	1
1.13038250000000000000000000000000e+05	3.36211608886718750000000000000000e+02	1
3.07904218750000000000000000000000e+04	1.75472000122070312500000000000000e+02	1
4.64081005859375000000000000000000e+03	6.81234893798828125000000000000000e+01	1
1.18448359375000000000000000000000e+05	3.44163269042968750000000000000000e+02	1
7.80104062500000000000000000000000e+04	2.79303436279296875000000000000000e+02	1
1.31270595703125000000000000000000e+04	1.14573379516601562500000000000000e+02	1
1.01013789062500000000000000000000e+04	1.00505615234375000000000000000000e+02	1
6.42221044921875000000000000000000e+03	8.01386947631835937500000000000000e+01	1
1.09769296875000000000000000000000e+04	1.04770843505859375000000000000000e+02	1
3.59557226562500000000000000000000e+04	1.89619949340820312500000000000000e+02	1
1.24900000000000000000000000000000e+03	3.53411941528320312500000000000000e+01	1
7.17233750000000000000000000000000e+04	2.67812194824218750000000000000000e+02	1
4.89219970703125000000000000000000e+03	6.99442596435546875000000000000000e+01	1
7.50402500000000000000000000000000e+04	2.73934753417968750000000000000000e+02	1
1.42465014648437500000000000000000e+03	3.77445373535156250000000000000000e+01	1
9.41320007324218750000000000000000e+02	3.06809387207031250000000000000000e+01	1
2.42511679687500000000000000000000e+04	1.55727859497070312500000000000000e+02	1
1.02373500000000000000000000000000e+05	3.19958587646484375000000000000000e+02	1
1.18759990234375000000000000000000e+04	1.08977058410644531250000000000000e+02	1
5.99153281250000000000000000000000e+04	2.44776077270507812500000000000000e+02	1
1.97462890625000000000000000000000e+04	1.40521484375000000000000000000000e+02	1
3.38920019531250000000000000000000e+03	5.82168388366699218750000000000000e+01	1
3.35514101562500000000000000000000e+04	1.83170440673828125000000000000000e+02	1
9.10576875000000000000000000000000e+04	3.01757659912109375000000000000000e+02	1
2.57974609375000000000000000000000e+04	1.60615875244140625000000000000000e+02	1
1.05868445312500000000000000000000e+05	3.25374328613281250000000000000000e+02	1
2.38982500000000000000000000000000e+04	1.54590591430664062500000000000000e+02	1
1.51795996093750000000000000000000e+03	3.89610061645507812500000000000000e+01	1
1.79805214843750000000000000000000e+04	1.34091461181640625000000000000000e+02	1
5.12154375000000000000000000000000e+04	2.26308273315429687500000000000000e+02	1
1.96842402343750000000000000000000e+04	1.40300537109375000000000000000000e+02	1
1.17800498046875000000000000000000e+04	1.08535934448242187500000000000000e+02	1
2.61997011718750000000000000000000e+04	1.61863220214843750000000000000000e+02	1
1.45925000000000000000000000000000e+03	3.82001304626464843750000000000000e+01	1
9.72846406250000000000000000000000e+04	3.11904846191406250000000000000000e+02	1
7.21895156250000000000000000000000e+04	2.68681060791015625000000000000000e+02	1
2.33056406250000000000000000000000e+04	1.52661849975585937500000000000000e+02	1
4.34614492187500000000000000000000e+04	2.08474090576171875000000000000000e+02	1
9.97704062500000000000000000000000e+04	3.15864532470703125000000000000000e+02	1
2.75523183593750000000000000000000e+04	1.65988906860351562500000000000000e+02	1
7.08601718750000000000000000000000e+04	2.66195739746093750000000000000000e+02	1
2.41882617187500000000000000000000e+04	1.55525756835937500000000000000000e+02	1
2.09883710937500000000000000000000e+04	1.44873641967773437500000000000000e+02	1
3.44464179687500000000000000000000e+04	1.85597457885742187500000000000000e+02	1
6.01450898437500000000000000000000e+04	2.45244964599609375000000000000000e+02	1
1.52552001953125000000000000000000e+03	3.90579071044921875000000000000000e+01	1
4.71422890625000000000000000000000e+04	2.17122756958007812500000000000000e+02	1
7.76116992187500000000000000000000e+03	8.80975036621093750000000000000000e+01	1
6.66055957031250000000000000000000e+03	8.16122512817382812500000000000000e+01	1
3.96317656250000000000000000000000e+04	1.99077285766601562500000000000000e+02	1
1.23113968750000000000000000000000e+05	3.50876007080078125000000000000000e+02	1
6.61976562500000000000000000000000e+04	2.57289062500000000000000000000000e+02	1
5.53094101562500000000000000000000e+04	2.35179534912109375000000000000000e+02	1
8.32912890625000000000000000000000e+04	2.88602294921875000000000000000000e+02	1
1.45736093750000000000000000000000e+04	1.20721206665039062500000000000000e+02	1
2.11500976562500000000000000000000e+03	4.59892349243164062500000000000000e+01	1
1.15629703125000000000000000000000e+05	3.40043670654296875000000000000000e+02	1
3.65124492187500000000000000000000e+04	1.91082305908203125000000000000000e+02	1
9.12538593750000000000000000000000e+04	3.02082550048828125000000000000000e+02	1
1.28461699218750000000000000000000e+04	1.13340942382812500000000000000000e+02	1
1.96864990234375000000000000000000e+03	4.43694686889648437500000000000000e+01	1
1.39729980468750000000000000000000e+03	3.73804740905761718750000000000000e+01	1
1.06242734375000000000000000000000e+05	3.25948974609375000000000000000000e+02	1
1.77421008300781250000000000000000e+03	4.21213722229003906250000000000000e+01	1
1.32096494140625000000000000000000e+04	1.14933235168457031250000000000000e+02	1
6.79782421875000000000000000000000e+04	2.60726379394531250000000000000000e+02	1
8.25586640625000000000000000000000e+04	2.87330230712890625000000000000000e+02	1
3.11433984375000000000000000000000e+03	5.58062705993652343750000000000000e+01	1
6.83211406250000000000000000000000e+04	2.61383117675781250000000000000000e+02	1
1.56019995117187500000000000000000e+03	3.94993667602539062500000000000000e+01	1
7.88708906250000000000000000000000e+04	2.80839630126953125000000000000000e+02	1
2.64380488281250000000000000000000e+04	1.62597808837890625000000000000000e+02	1
2.68435683593750000000000000000000e+04	1.63840072631835937500000000000000e+02	1
4.19062500000000000000000000000000e+04	2.04710159301757812500000000000000e+02	1
1.04350498046875000000000000000000e+04	1.02152091979980468750000000000000e+02	1
5.57245000000000000000000000000000e+04	2.36060379028320312500000000000000e+02	1
2.72491308593750000000000000000000e+04	1.65073104858398437500000000000000e+02	1
4.20488125000000000000000000000000e+04	2.05058074951171875000000000000000e+02	1
1.05756171875000000000000000000000e+05	3.25201751708984375000000000000000e+02	1
1.29643701171875000000000000000000e+04	1.13861190795898437500000000000000e+02	1
4.25977050781250000000000000000000e+03	6.52669143676757812500000000000000e+01	1
2.10745605468750000000000000000000e+04	1.45170791625976562500000000000000e+02	1
2.68810000000000000000000000000000e+04	1.63954269409179687500000000000000e+02	1
6.36609648437500000000000000000000e+04	2.52311248779296875000000000000000e+02	1
5.76500048828125000000000000000000e+03	7.59275970458984375000000000000000e+01	1
2.13261796875000000000000000000000e+04	1.46034851074218750000000000000000e+02	1
4.05588989257812500000000000000000e+03	6.36858673095703125000000000000000e+01	1
3.21516171875000000000000000000000e+04	1.79308715820312500000000000000000e+02	1
4.71354531250000000000000000000000e+04	2.17107009887695312500000000000000e+02	1
7.44704052734375000000000000000000e+03	8.62962341308593750000000000000000e+01	1
1.65104882812500000000000000000000e+04	1.28493148803710937500000000000000e+02	1
1.02085000000000000000000000000000e+04	1.01037124633789062500000000000000e+02	1
1.24317695312500000000000000000000e+04	1.11497848510742187500000000000000e+02	1
5.70950585937500000000000000000000e+04	2.38945724487304687500000000000000e+02	1
1.03804039062500000000000000000000e+05	3.22186340332031250000000000000000e+02	1
8.43581718750000000000000000000000e+04	2.90444793701171875000000000000000e+02	1
3.34376977539062500000000000000000e+03	5.78253402709960937500000000000000e+01	1
5.73833046875000000000000000000000e+04	2.39548126220703125000000000000000e+02	1
6.51865000000000000000000000000000e+04	2.55316467285156250000000000000000e+02	1
3.02428808593750000000000000000000e+04	1.73904800415039062500000000000000e+02	1
5.73991992187500000000000000000000e+03	7.57622604370117187500000000000000e+01	1
3.69581005859375000000000000000000e+03	6.07931747436523437500000000000000e+01	1
1.05422914062500000000000000000000e+05	3.24688964843750000000000000000000e+02	1
8.13582812500000000000000000000000e+04	2.85233734130859375000000000000000e+02	1
2.48627304687500000000000000000000e+04	1.57679199218750000000000000000000e+02	1
1.00250820312500000000000000000000e+05	3.16624084472656250000000000000000e+02	1
2.83364023437500000000000000000000e+04	1.68334197998046875000000000000000e+02	1
7.46883984375000000000000000000000e+03	8.64224472045898437500000000000000e+01	1
3.57659609375000000000000000000000e+04	1.89118911743164062500000000000000e+02	1
2.00413007812500000000000000000000e+04	1.41567306518554687500000000000000e+02	1
4.80138085937500000000000000000000e+04	2.19120529174804687500000000000000e+02	1
7.29330078125000000000000000000000e+04	2.70061126708984375000000000000000e+02	1
3.60864990234375000000000000000000e+03	6.00720405578613281250000000000000e+01	1
6.53204023437500000000000000000000e+04	2.55578567504882812500000000000000e+02	1
7.43209960937500000000000000000000e+03	8.62096252441406250000000000000000e+01	1
9.11121250000000000000000000000000e+04	3.01847839355468750000000000000000e+02	1
1.17437210937500000000000000000000e+05	3.42691131591796875000000000000000e+02	1
9.19699951171875000000000000000000e+02	3.03265552520751953125000000000000e+01	1
8.26316171875000000000000000000000e+04	2.87457153320312500000000000000000e+02	1
1.65925000000000000000000000000000e+03	4.07338943481445312500000000000000e+01	1
4.59063203125000000000000000000000e+04	2.14257598876953125000000000000000e+02	1
7.58331171875000000000000000000000e+04	2.75378143310546875000000000000000e+02	1
1.16724484375000000000000000000000e+05	3.41649658203125000000000000000000e+02	1
2.70450000000000000000000000000000e+03	5.20048065185546875000000000000000e+01	1
3.79891289062500000000000000000000e+04	1.94908004760742187500000000000000e+02	1
8.76321875000000000000000000000000e+04	2.96027343750000000000000000000000e+02	1
2.02806523437500000000000000000000e+04	1.42410156250000000000000000000000e+02	1
5.95593789062500000000000000000000e+04	2.44047897338867187500000000000000e+02	1
1.98521997070312500000000000000000e+03	4.45558090209960937500000000000000e+01	1
2.57191992187500000000000000000000e+03	5.07140998840332031250000000000000e+01	1
3.51860009765625000000000000000000e+03	5.93177871704101562500000000000000e+01	1
2.14847988281250000000000000000000e+04	1.46576934814453125000000000000000e+02	1
1.05473320312500000000000000000000e+05	3.24766571044921875000000000000000e+02	1
1.00762617187500000000000000000000e+05	3.17431274414062500000000000000000e+02	1
3.67489990234375000000000000000000e+03	6.06209526062011718750000000000000e+01	1
6.71566875000000000000000000000000e+04	2.59146087646484375000000000000000e+02	1
8.65154101562500000000000000000000e+03	9.30136566162109375000000000000000e+01	1
3.12264492187500000000000000000000e+04	1.76710067749023437500000000000000e+02	1
4.38059726562500000000000000000000e+04	2.09298767089843750000000000000000e+02	1
3.68769970703125000000000000000000e+03	6.07264328002929687500000000000000e+01	1
2.39676992187500000000000000000000e+04	1.54815048217773437500000000000000e+02	1
4.14784101562500000000000000000000e+04	2.03662490844726562500000000000000e+02	1
1.85760781250000000000000000000000e+04	1.36294082641601562500000000000000e+02	1
6.42712890625000000000000000000000e+04	2.53517822265625000000000000000000e+02	1
1.37080410156250000000000000000000e+04	1.17081344604492187500000000000000e+02	1
1.21054501953125000000000000000000e+04	1.10024772644042968750000000000000e+02	1
1.25611718750000000000000000000000e+05	3.54417449951171875000000000000000e+02	1
1.02549199218750000000000000000000e+04	1.01266578674316406250000000000000e+02	1
5.43504101562500000000000000000000e+04	2.33131744384765625000000000000000e+02	1
4.85859985351562500000000000000000e+02	2.20422325134277343750000000000000e+01	1
3.30183164062500000000000000000000e+04	1.81709426879882812500000000000000e+02	1
3.20065976562500000000000000000000e+04	1.78903884887695312500000000000000e+02	1
8.25928027343750000000000000000000e+03	9.08805847167968750000000000000000e+01	1
3.38285000000000000000000000000000e+04	1.83925262451171875000000000000000e+02	1
2.05952500000000000000000000000000e+04	1.43510452270507812500000000000000e+02	1
1.45393300781250000000000000000000e+04	1.20579147338867187500000000000000e+02	1
6.28436035156250000000000000000000e+03	7.92739562988281250000000000000000e+01	1
8.64029101562500000000000000000000e+03	9.29531631469726562500000000000000e+01	1
5.49282539062500000000000000000000e+04	2.34367767333984375000000000000000e+02	1
1.65895703125000000000000000000000e+04	1.28800506591796875000000000000000e+02	1
1.74308007812500000000000000000000e+03	4.17502098083496093750000000000000e+01	1
5.34945996093750000000000000000000e+03	7.31399993896484375000000000000000e+01	1
1.24879343750000000000000000000000e+05	3.53382720947265625000000000000000e+02	1
3.92330004882812500000000000000000e+03	6.26362533569335937500000000000000e+01	1
1.21731982421875000000000000000000e+03	3.48901100158691406250000000000000e+01	1
1.44427412109375000000000000000000e+04	1.20177955627441406250000000000000e+02	1
1.16681640625000000000000000000000e+05	3.41586944580078125000000000000000e+02	1
6.32629023437500000000000000000000e+04	2.51521179199218750000000000000000e+02	1
1.06228257812500000000000000000000e+05	3.25926757812500000000000000000000e+02	1
4.40676953125000000000000000000000e+04	2.09923065185546875000000000000000e+02	1
4.62128398437500000000000000000000e+04	2.14971725463867187500000000000000e+02	1
1.01100492187500000000000000000000e+05	3.17963043212890625000000000000000e+02	1
1.45700195312500000000000000000000e+04	1.20706336975097656250000000000000e+02	1
5.68250000000000000000000000000000e+02	2.38379955291748046875000000000000e+01	1
2.66239990234375000000000000000000e+02	1.63168621063232421875000000000000e+01	1
7.27420937500000000000000000000000e+04	2.69707427978515625000000000000000e+02	1
2.99923999023437500000000000000000e+03	5.47653160095214843750000000000000e+01	1
6.66865039062500000000000000000000e+03	8.16618041992187500000000000000000e+01	1
5.06833056640625000000000000000000e+03	7.11922073364257812500000000000000e+01	1
8.87702421875000000000000000000000e+04	2.97943359375000000000000000000000e+02	1
5.01422382812500000000000000000000e+04	2.23924621582031250000000000000000e+02	1
3.65488984375000000000000000000000e+04	1.91177658081054687500000000000000e+02	1
1.76877812500000000000000000000000e+04	1.32995422363281250000000000000000e+02	1
5.75450000000000000000000000000000e+03	7.58584213256835937500000000000000e+01	1
1.81067304687500000000000000000000e+04	1.34561248779296875000000000000000e+02	1
4.94139609375000000000000000000000e+04	2.22292510986328125000000000000000e+02	1
2.06052500000000000000000000000000e+04	1.43545288085937500000000000000000e+02	1
6.70041953125000000000000000000000e+04	2.58851684570312500000000000000000e+02	1
2.05988886718750000000000000000000e+04	1.43523132324218750000000000000000e+02	1
2.90442597656250000000000000000000e+04	1.70423767089843750000000000000000e+02	1
3.61181328125000000000000000000000e+04	1.90047714233398437500000000000000e+02	1
3.82225039062500000000000000000000e+04	1.95505767822265625000000000000000e+02	1
3.81945996093750000000000000000000e+03	6.18017807006835937500000000000000e+01	1
1.20579039062500000000000000000000e+05	3.47244934082031250000000000000000e+02	1
6.65956953125000000000000000000000e+04	2.58061431884765625000000000000000e+02	1
1.50092993164062500000000000000000e+03	3.87418365478515625000000000000000e+01	1
8.99649023437500000000000000000000e+03	9.48498306274414062500000000000000e+01	1
4.17850000000000000000000000000000e+03	6.46413192749023437500000000000000e+01	1
2.27156005859375000000000000000000e+03	4.76608848571777343750000000000000e+01	1
7.91289941406250000000000000000000e+03	8.89544830322265625000000000000000e+01	1
9.52359921875000000000000000000000e+04	3.08603302001953125000000000000000e+02	1
2.23539990234375000000000000000000e+03	4.72800140380859375000000000000000e+01	1
1.74572480468750000000000000000000e+04	1.32125885009765625000000000000000e+02	1
1.69767988281250000000000000000000e+04	1.30295043945312500000000000000000e+02	1
2.43746523437500000000000000000000e+04	1.56123840332031250000000000000000e+02	1
3.76564990234375000000000000000000e+03	6.13648910522460937500000000000000e+01	1
6.85770546875000000000000000000000e+04	2.61872222900390625000000000000000e+02	1
4.96369804687500000000000000000000e+04	2.22793579101562500000000000000000e+02	1
2.40595722656250000000000000000000e+04	1.55111480712890625000000000000000e+02	1
7.93776406250000000000000000000000e+04	2.81740386962890625000000000000000e+02	1
1.49070488281250000000000000000000e+04	1.22094429016113281250000000000000e+02	1
1.06085009765625000000000000000000e+03	3.25706939697265625000000000000000e+01	1
9.12770019531250000000000000000000e+03	9.55390014648437500000000000000000e+01	1
2.22688105468750000000000000000000e+04	1.49227371215820312500000000000000e+02	1
4.60643281250000000000000000000000e+04	2.14626022338867187500000000000000e+02	1
6.85940859375000000000000000000000e+04	2.61904724121093750000000000000000e+02	1
5.39683984375000000000000000000000e+03	7.34631881713867187500000000000000e+01	1
1.85493808593750000000000000000000e+04	1.36196105957031250000000000000000e+02	1
1.24837304687500000000000000000000e+04	1.11730613708496093750000000000000e+02	1
8.07153955078125000000000000000000e+03	8.98417434692382812500000000000000e+01	1
7.20545625000000000000000000000000e+04	2.68429809570312500000000000000000e+02	1
5.21011992187500000000000000000000e+04	2.28256866455078125000000000000000e+02	1
1.14170742187500000000000000000000e+05	3.37891601562500000000000000000000e+02	1
4.53196914062500000000000000000000e+04	2.12884216308593750000000000000000e+02	1
6.61130000000000000000000000000000e+04	2.57124481201171875000000000000000e+02	1
1.14871250000000000000000000000000e+05	3.38926605224609375000000000000000e+02	1
5.48220078125000000000000000000000e+04	2.34141006469726562500000000000000e+02	1
9.81700012207031250000000000000000e+02	3.13320922851562500000000000000000e+01	1
3.45338906250000000000000000000000e+04	1.85832962036132812500000000000000e+02	1
5.19360820312500000000000000000000e+04	2.27894897460937500000000000000000e+02	1
8.26791406250000000000000000000000e+04	2.87539794921875000000000000000000e+02	1
5.52737343750000000000000000000000e+04	2.35103668212890625000000000000000e+02	1
6.97222656250000000000000000000000e+04	2.64049743652343750000000000000000e+02	1
4.29309023437500000000000000000000e+04	2.07197738647460937500000000000000e+02	1
1.13220000000000000000000000000000e+05	3.36481811523437500000000000000000e+02	1
5.53705029296875000000000000000000e+03	7.44113616943359375000000000000000e+01	1
9.10505078125000000000000000000000e+04	3.01745758056640625000000000000000e+02	1
4.42685781250000000000000000000000e+04	2.10401000976562500000000000000000e+02	1
7.71339375000000000000000000000000e+04	2.77729980468750000000000000000000e+02	1
1.79189199218750000000000000000000e+04	1.33861572265625000000000000000000e+02	1
2.15103398437500000000000000000000e+04	1.46664031982421875000000000000000e+02	1
8.75430937500000000000000000000000e+04	2.95876831054687500000000000000000e+02	1
2.86422812500000000000000000000000e+04	1.69240310668945312500000000000000e+02	1
2.73013320312500000000000000000000e+04	1.65231140136718750000000000000000e+02	1
8.47542343750000000000000000000000e+04	2.91125793457031250000000000000000e+02	1
6.89785390625000000000000000000000e+04	2.62637664794921875000000000000000e+02	1
9.23145234375000000000000000000000e+04	3.03833038330078125000000000000000e+02	1
8.68500000000000000000000000000000e+03	9.31933441162109375000000000000000e+01	1
3.88694765625000000000000000000000e+04	1.97153427124023437500000000000000e+02	1
4.14281835937500000000000000000000e+04	2.03539138793945312500000000000000e+02	1
6.80249062500000000000000000000000e+04	2.60815856933593750000000000000000e+02	1
2.30509003906250000000000000000000e+04	1.51825225830078125000000000000000e+02	1
1.98710078125000000000000000000000e+04	1.40964569091796875000000000000000e+02	1
1.96134101562500000000000000000000e+04	1.40047882080078125000000000000000e+02	1
9.26500061035156250000000000000000e+02	3.04384632110595703125000000000000e+01	1
5.56719375000000000000000000000000e+04	2.35949020385742187500000000000000e+02	1
8.86045000000000000000000000000000e+04	2.97665069580078125000000000000000e+02	1
8.66745996093750000000000000000000e+03	9.30991973876953125000000000000000e+01	1
2.30336093750000000000000000000000e+04	1.51768280029296875000000000000000e+02	1
5.77707421875000000000000000000000e+04	2.40355453491210937500000000000000e+02	1
7.93802001953125000000000000000000e+03	8.90955657958984375000000000000000e+01	1
1.81081796875000000000000000000000e+04	1.34566635131835937500000000000000e+02	1
2.40857983398437500000000000000000e+03	4.90772857666015625000000000000000e+01	1
2.66337011718750000000000000000000e+03	5.16078491210937500000000000000000e+01	1
4.25625781250000000000000000000000e+04	2.06307006835937500000000000000000e+02	1
4.29929609375000000000000000000000e+04	2.07347442626953125000000000000000e+02	1
7.74621044921875000000000000000000e+03	8.80125579833984375000000000000000e+01	1
7.41453671875000000000000000000000e+04	2.72296478271484375000000000000000e+02	1
5.40849975585937500000000000000000e+02	2.32561817169189453125000000000000e+01	1
3.40657695312500000000000000000000e+04	1.84569152832031250000000000000000e+02	1
1.88378476562500000000000000000000e+04	1.37251037597656250000000000000000e+02	1
1.38064001464843750000000000000000e+03	3.71569633483886718750000000000000e+01	1
1.01331054687500000000000000000000e+05	3.18325378417968750000000000000000e+02	1
1.16086093750000000000000000000000e+05	3.40714080810546875000000000000000e+02	1
7.53700078125000000000000000000000e+04	2.74535980224609375000000000000000e+02	1
1.55472402343750000000000000000000e+04	1.24688575744628906250000000000000e+02	1
1.23754968750000000000000000000000e+05	3.51788238525390625000000000000000e+02	1
8.96341015625000000000000000000000e+03	9.46752853393554687500000000000000e+01	1
1.40848994140625000000000000000000e+04	1.18679817199707031250000000000000e+02	1
1.05287687500000000000000000000000e+05	3.24480651855468750000000000000000e+02	1
2.77429707031250000000000000000000e+04	1.66562210083007812500000000000000e+02	1
7.35819296875000000000000000000000e+04	2.71259887695312500000000000000000e+02	1
8.40083437500000000000000000000000e+04	2.89841918945312500000000000000000e+02	1
2.51214394531250000000000000000000e+04	1.58497436523437500000000000000000e+02	1
2.83944995117187500000000000000000e+03	5.32864875793457031250000000000000e+01	1
3.29237031250000000000000000000000e+04	1.81448898315429687500000000000000e+02	1
8.74545996093750000000000000000000e+03	9.35171661376953125000000000000000e+01	1
2.06580981445312500000000000000000e+03	4.54511795043945312500000000000000e+01	1
1.23390804687500000000000000000000e+05	3.51270263671875000000000000000000e+02	1
1.11625984375000000000000000000000e+05	3.34104736328125000000000000000000e+02	1
8.09504921875000000000000000000000e+04	2.84518005371093750000000000000000e+02	1
2.84496191406250000000000000000000e+04	1.68670150756835937500000000000000e+02	1
5.08246093750000000000000000000000e+04	2.25443145751953125000000000000000e+02	1
5.02851679687500000000000000000000e+04	2.24243545532226562500000000000000e+02	1
1.25185009765625000000000000000000e+04	1.11886108398437500000000000000000e+02	1
7.60557734375000000000000000000000e+04	2.75782104492187500000000000000000e+02	1
2.46902792968750000000000000000000e+04	1.57131408691406250000000000000000e+02	1
2.53624975585937500000000000000000e+03	5.03611946105957031250000000000000e+01	1
6.00791171875000000000000000000000e+04	2.45110412597656250000000000000000e+02	1
7.97808906250000000000000000000000e+04	2.82455108642578125000000000000000e+02	1
6.05214062500000000000000000000000e+04	2.46010986328125000000000000000000e+02	1
8.36780468750000000000000000000000e+04	2.89271575927734375000000000000000e+02	1
1.22004570312500000000000000000000e+05	3.49291534423828125000000000000000e+02	1
9.95820859375000000000000000000000e+04	3.15566284179687500000000000000000e+02	1
4.09362500000000000000000000000000e+04	2.02327087402343750000000000000000e+02	1
3.75247734375000000000000000000000e+04	1.93713119506835937500000000000000e+02	1
5.10938007812500000000000000000000e+04	2.26039382934570312500000000000000e+02	1
1.25441298828125000000000000000000e+04	1.12000579833984375000000000000000e+02	1
1.52931699218750000000000000000000e+04	1.23665557861328125000000000000000e+02	1
1.22090595703125000000000000000000e+04	1.10494613647460937500000000000000e+02	1
1.11864960937500000000000000000000e+05	3.34462188720703125000000000000000e+02	1
1.15930453125000000000000000000000e+05	3.40485626220703125000000000000000e+02	1
9.54329101562500000000000000000000e+03	9.76897659301757812500000000000000e+01	1
6.90618359375000000000000000000000e+04	2.62796173095703125000000000000000e+02	1
1.10220996093750000000000000000000e+04	1.04986190795898437500000000000000e+02	1
